                                 Open        High         Low       Close    Volume  Dividends  Stock Splits  Capital Gains
Date                                                                                                                       
2024-02-20 00:00:00-05:00  446.016601  446.621114  443.081759  445.109833   5306800      0.000           0.0            0.0
2024-02-21 00:00:00-05:00  443.949530  445.704567  442.272481  445.558319   4208600      0.000           0.0            0.0
2024-02-22 00:00:00-05:00  451.652292  455.659641  450.774773  454.918640   4328500      0.000           0.0            0.0
2024-02-23 00:00:00-05:00  456.400636  457.161156  454.450581  455.123352   4050600      0.000           0.0            0.0
2024-02-26 00:00:00-05:00  455.523108  455.913113  453.329296  453.456055   3450800      0.000           0.0            0.0
2024-02-27 00:00:00-05:00  454.080048  454.479813  452.325011  454.294556   3586900      0.000           0.0            0.0
2024-02-28 00:00:00-05:00  452.890569  454.197103  452.520054  453.592590   2800600      0.000           0.0            0.0
2024-02-29 00:00:00-05:00  455.308602  456.790633  452.871033  455.269592   7332900      0.000           0.0            0.0
2024-03-01 00:00:00-05:00  456.147121  459.988732  455.757116  459.657227   4839400      0.000           0.0            0.0
2024-03-04 00:00:00-05:00  458.857689  460.798014  458.847959  459.111206   3970200      0.000           0.0            0.0
2024-03-05 00:00:00-05:00  457.239189  457.658444  452.471290  454.509094   4616500      0.000           0.0            0.0
2024-03-06 00:00:00-05:00  457.531630  458.906423  455.649835  456.917358   5325100      0.000           0.0            0.0
2024-03-07 00:00:00-05:00  459.852229  462.348297  459.023449  461.441528   7149800      0.000           0.0            0.0
2024-03-08 00:00:00-05:00  461.938756  464.405575  458.087416  458.643188   6285600      0.000           0.0            0.0
2024-03-11 00:00:00-04:00  457.482990  458.711505  455.718193  458.263000   5323900      0.000           0.0            0.0
2024-03-12 00:00:00-04:00  460.135007  463.674331  457.843686  463.167328   4811000      0.000           0.0            0.0
2024-03-13 00:00:00-04:00  463.440329  463.596337  461.090509  462.465302   3544500      0.000           0.0            0.0
2024-03-14 00:00:00-04:00  463.294080  463.459818  458.701708  461.451263   5153000      0.000           0.0            0.0
2024-03-15 00:00:00-04:00  458.662771  459.998554  457.014972  458.272766   6807100      0.000           0.0            0.0
2024-03-18 00:00:00-04:00  462.114310  463.411083  460.700508  461.139282   3939100      0.000           0.0            0.0
2024-03-19 00:00:00-04:00  460.407996  463.859572  459.520717  463.723083   4550200      0.000           0.0            0.0
2024-03-20 00:00:00-04:00  463.664613  468.032717  463.069830  467.769470   6179400      0.000           0.0            0.0
2024-03-21 00:00:00-04:00  470.567773  471.172285  469.192980  469.329498   5044700      0.000           0.0            0.0
2024-03-22 00:00:00-04:00  469.391121  469.831307  468.364062  468.716187   5881500      1.543           0.0            0.0
2024-03-25 00:00:00-04:00  467.297859  468.334710  467.121767  467.503265   6081300      0.000           0.0            0.0
2024-03-26 00:00:00-04:00  468.598839  468.902067  466.026265  466.192566   8073500      0.000           0.0            0.0
2024-03-27 00:00:00-04:00  469.038984  470.369272  467.023971  470.261688   4951400      0.000           0.0            0.0
2024-03-28 00:00:00-04:00  470.369274  471.631113  470.007358  470.203003   4065000      0.000           0.0            0.0
2024-04-01 00:00:00-04:00  470.926840  471.435474  468.373819  469.586761   5734000      0.000           0.0            0.0
2024-04-02 00:00:00-04:00  465.928386  466.573977  464.343766  466.515289   4817800      0.000           0.0            0.0
2024-04-03 00:00:00-04:00  465.449116  468.344470  465.400220  466.935913   6224800      0.000           0.0            0.0
2024-04-04 00:00:00-04:00  470.692041  470.965926  460.978860  461.184296   6871200      0.000           0.0            0.0
2024-04-05 00:00:00-04:00  462.524432  467.884747  462.103829  466.084930   5588200      0.000           0.0            0.0
2024-04-08 00:00:00-04:00  466.730520  467.630444  465.576295  466.270782   4736800      0.000           0.0            0.0
2024-04-09 00:00:00-04:00  467.933677  468.148874  462.416823  466.847900   5250400      0.000           0.0            0.0
2024-04-10 00:00:00-04:00  461.604935  464.030790  460.392022  462.328766   6933400      0.000           0.0            0.0
2024-04-11 00:00:00-04:00  463.629771  467.004416  460.392053  465.664337   5109900      0.000           0.0            0.0
2024-04-12 00:00:00-04:00  462.446113  463.698161  457.692255  459.316010   6959700      0.000           0.0            0.0
2024-04-15 00:00:00-04:00  463.130848  463.248223  452.742761  453.486145   9530000      0.000           0.0            0.0
2024-04-16 00:00:00-04:00  453.916573  455.344712  451.510300  452.674316   6761400      0.000           0.0            0.0
2024-04-17 00:00:00-04:00  454.953380  455.080546  448.712725  449.945190   7156200      0.000           0.0            0.0
2024-04-18 00:00:00-04:00  451.285320  453.182959  448.204113  448.918182   5637300      0.000           0.0            0.0
2024-04-19 00:00:00-04:00  448.967087  449.896354  443.988241  445.162048   9787500      0.000           0.0            0.0
2024-04-22 00:00:00-04:00  447.558482  451.647226  445.406541  449.025726   5818100      0.000           0.0            0.0
2024-04-23 00:00:00-04:00  451.109220  454.972976  450.610377  454.689301   4257400      0.000           0.0            0.0
2024-04-24 00:00:00-04:00  455.403362  456.127193  452.341707  454.356720   7687800      0.000           0.0            0.0
2024-04-25 00:00:00-04:00  448.751869  453.339457  447.274863  452.478668   4876200      0.000           0.0            0.0
2024-04-26 00:00:00-04:00  455.168617  458.396573  454.659983  457.007568   4907100      0.000           0.0            0.0
2024-04-29 00:00:00-04:00  458.601929  459.169280  456.029355  458.601929   3253200      0.000           0.0            0.0
2024-04-30 00:00:00-04:00  457.212946  458.112839  451.285251  451.353729   4364800      0.000           0.0            0.0
2024-05-01 00:00:00-04:00  450.708189  456.870634  449.407245  449.886536   6115400      0.000           0.0            0.0
2024-05-02 00:00:00-04:00  453.241619  454.796925  449.133353  454.082855   3972400      0.000           0.0            0.0
2024-05-03 00:00:00-04:00  459.501874  460.714787  457.232529  459.717072   4586900      0.000           0.0            0.0
2024-05-06 00:00:00-04:00  461.908169  464.441608  461.516910  464.353577   4782500      0.000           0.0            0.0
2024-05-07 00:00:00-04:00  465.312174  466.231650  464.343772  465.018707   3451300      0.000           0.0            0.0
2024-05-08 00:00:00-04:00  463.248244  465.468664  463.160213  465.038300   3214900      0.000           0.0            0.0
2024-05-09 00:00:00-04:00  465.204554  467.708649  464.568754  467.708649   3486000      0.000           0.0            0.0
2024-05-10 00:00:00-04:00  469.215033  469.899760  467.160885  468.285767   3347200      0.000           0.0            0.0
2024-05-13 00:00:00-04:00  469.860639  469.929117  467.297856  468.315125   3108400      0.000           0.0            0.0
2024-05-14 00:00:00-04:00  468.520570  470.956186  468.031488  470.535583   3257700      0.000           0.0            0.0
2024-05-15 00:00:00-04:00  472.785290  476.590358  472.198386  476.267548   4399500      0.000           0.0            0.0
2024-05-16 00:00:00-04:00  476.414344  477.901171  475.220984  475.357941   3347400      0.000           0.0            0.0
2024-05-17 00:00:00-04:00  475.475261  476.101299  474.115629  476.062164   3274000      0.000           0.0            0.0
2024-05-20 00:00:00-04:00  476.150210  477.940235  475.827429  476.531708   2599600      0.000           0.0            0.0
2024-05-21 00:00:00-04:00  475.905650  477.910872  475.729588  477.813080   2453600      0.000           0.0            0.0
2024-05-22 00:00:00-04:00  477.138142  477.764151  474.350371  476.424072   3250600      0.000           0.0            0.0
2024-05-23 00:00:00-04:00  479.211864  479.290104  471.758267  472.883148   3811300      0.000           0.0            0.0
2024-05-24 00:00:00-04:00  474.585178  476.756701  473.753733  476.101349   2555200      0.000           0.0            0.0
2024-05-28 00:00:00-04:00  476.756673  477.001213  473.949349  476.482788   4034700      0.000           0.0            0.0
2024-05-29 00:00:00-04:00  472.638604  474.096057  472.413616  473.127686   5605000      0.000           0.0            0.0
2024-05-30 00:00:00-04:00  471.591976  472.208224  468.735757  469.948669   3386800      0.000           0.0            0.0
2024-05-31 00:00:00-04:00  470.731218  474.321090  466.075182  474.037415   5334000      0.000           0.0            0.0
2024-06-03 00:00:00-04:00  475.680698  475.788312  469.909542  474.555817   4211300      0.000           0.0            0.0
2024-06-04 00:00:00-04:00  473.430849  475.788225  472.022292  475.132843   2560300      0.000           0.0            0.0
2024-06-05 00:00:00-04:00  477.216407  480.816040  475.445934  480.816040   3026100      0.000           0.0            0.0
2024-06-06 00:00:00-04:00  481.099755  481.432327  478.947814  480.708496  21344000      0.000           0.0            0.0
2024-06-07 00:00:00-04:00  479.837857  482.752793  478.849932  480.082397   3063600      0.000           0.0            0.0
2024-06-10 00:00:00-04:00  479.466212  481.931172  478.869517  481.657288   3461900      0.000           0.0            0.0
2024-06-11 00:00:00-04:00  480.268265  482.879974  478.429314  482.752808   4028400      0.000           0.0            0.0
2024-06-12 00:00:00-04:00  487.056717  489.228240  485.863357  486.773071   3698800      0.000           0.0            0.0
2024-06-13 00:00:00-04:00  488.396814  488.543562  485.227575  487.692535   8808900      0.000           0.0            0.0
2024-06-14 00:00:00-04:00  486.401360  488.142489  485.452540  488.083801   5812000      0.000           0.0            0.0
2024-06-17 00:00:00-04:00  487.594768  493.170280  487.037208  491.957367   4609500      0.000           0.0            0.0
2024-06-18 00:00:00-04:00  492.064915  493.346306  491.654103  493.268066   3431700      0.000           0.0            0.0
2024-06-20 00:00:00-04:00  494.109309  494.696183  490.245553  491.898651   4810900      0.000           0.0            0.0
2024-06-21 00:00:00-04:00  491.135682  492.231220  489.912978  490.822662   4338100      0.000           0.0            0.0
2024-06-24 00:00:00-04:00  491.067203  493.424580  489.502136  489.502136   7022800      0.000           0.0            0.0
2024-06-25 00:00:00-04:00  490.754195  491.849733  489.394564  491.536743   6325200      0.000           0.0            0.0
2024-06-26 00:00:00-04:00  490.519406  492.769169  489.952084  492.084473   3202700      0.000           0.0            0.0
2024-06-27 00:00:00-04:00  492.016029  493.463721  491.350885  492.847473   3619700      0.000           0.0            0.0
2024-06-28 00:00:00-04:00  493.734872  496.444205  489.847591  490.947021   5598600      1.784           0.0            0.0
2024-07-01 00:00:00-04:00  492.282033  492.468547  489.445112  492.075897   4368500      0.000           0.0            0.0
2024-07-02 00:00:00-04:00  490.515107  495.344753  490.436559  495.266235   4210100      0.000           0.0            0.0
2024-07-03 00:00:00-04:00  494.961923  497.828322  494.961923  497.504364   2131100      0.000           0.0            0.0
2024-07-05 00:00:00-04:00  497.818466  500.733934  497.190203  500.478699   3156900      0.000           0.0            0.0
2024-07-08 00:00:00-04:00  501.126609  501.823564  499.968282  500.959717   3143400      0.000           0.0            0.0
2024-07-09 00:00:00-04:00  501.823562  502.608891  501.165881  501.509460   3140600      0.000           0.0            0.0
2024-07-10 00:00:00-04:00  502.579448  506.702313  502.294764  506.339111   3446900      0.000           0.0            0.0
2024-07-11 00:00:00-04:00  506.525615  507.301088  501.450529  502.000275   5537800      0.000           0.0            0.0
2024-07-12 00:00:00-04:00  503.080030  508.518347  502.765898  505.102203   5238200      0.000           0.0            0.0
2024-07-15 00:00:00-04:00  507.094977  509.588318  504.896116  506.633575   7771500      0.000           0.0            0.0
2024-07-16 00:00:00-04:00  507.831232  509.863232  507.114595  509.509796   4164300      0.000           0.0            0.0
2024-07-17 00:00:00-04:00  504.130404  505.651932  502.167126  502.392914   4984300      0.000           0.0            0.0
2024-07-18 00:00:00-04:00  503.826086  504.748829  496.581587  498.613586   5055900      0.000           0.0            0.0
2024-07-19 00:00:00-04:00  498.319148  499.850503  494.314045  495.285858   4039400      0.000           0.0            0.0
2024-07-22 00:00:00-04:00  498.937516  500.949894  497.141131  500.429626   4342900      0.000           0.0            0.0
2024-07-23 00:00:00-04:00  500.302057  502.255509  499.153526  499.595276   3116000      0.000           0.0            0.0
2024-07-24 00:00:00-04:00  495.168034  495.433096  487.432716  488.159149   6157400      0.000           0.0            0.0
2024-07-25 00:00:00-04:00  488.414380  493.901768  484.851056  485.695251   5646600      0.000           0.0            0.0
2024-07-26 00:00:00-04:00  489.209481  493.656333  488.532178  491.143311   3636000      0.000           0.0            0.0
2024-07-29 00:00:00-04:00  492.606023  493.538561  489.612006  491.506592   3096200      0.000           0.0            0.0
2024-07-30 00:00:00-04:00  492.831769  493.774164  485.832709  488.934662   3817800      0.000           0.0            0.0
2024-07-31 00:00:00-04:00  495.217145  499.310562  494.068614  496.640503   5367600      0.000           0.0            0.0
2024-08-01 00:00:00-04:00  498.515423  500.537596  486.647414  489.867188   6939200      0.000           0.0            0.0
2024-08-02 00:00:00-04:00  483.368770  484.458375  476.880122  480.914673   8561200      0.000           0.0            0.0
2024-08-05 00:00:00-04:00  461.537150  472.344974  460.280654  466.474792  15244300      0.000           0.0            0.0
2024-08-06 00:00:00-04:00  468.624549  477.920640  467.201161  471.127716   8255000      0.000           0.0            0.0
2024-08-07 00:00:00-04:00  476.782010  479.579657  467.368067  467.858887   5976400      0.000           0.0            0.0
2024-08-08 00:00:00-04:00  472.649242  479.304752  470.833235  478.774689   4177200      0.000           0.0            0.0
2024-08-09 00:00:00-04:00  477.989374  482.190787  476.899769  480.826324   7661300      0.000           0.0            0.0
2024-08-12 00:00:00-04:00  481.925798  483.309913  479.020156  481.071777   3578100      0.000           0.0            0.0
2024-08-13 00:00:00-04:00  484.085370  489.229148  483.869408  489.062256   3247900      0.000           0.0            0.0
2024-08-14 00:00:00-04:00  489.759230  491.653786  487.364029  490.623047   3700500      0.000           0.0            0.0
2024-08-15 00:00:00-04:00  495.815963  499.251699  495.226973  499.045563   4279000      0.000           0.0            0.0
2024-08-16 00:00:00-04:00  497.533824  500.743772  497.347310  500.095917   3449300      0.000           0.0            0.0
2024-08-19 00:00:00-04:00  500.498365  504.905914  499.713066  504.905914   3804300      0.000           0.0            0.0
2024-08-20 00:00:00-04:00  504.483805  506.015159  502.844485  504.071533   3156000      0.000           0.0            0.0
2024-08-21 00:00:00-04:00  505.023693  507.173485  503.433443  505.838470   3344100      0.000           0.0            0.0
2024-08-22 00:00:00-04:00  507.556310  508.125678  500.733939  501.745026   3677100      0.000           0.0            0.0
2024-08-23 00:00:00-04:00  504.886378  508.047227  502.844552  507.173553   5102800      0.000           0.0            0.0
2024-08-26 00:00:00-04:00  508.135537  508.773566  504.444565  505.926849   3398600      0.000           0.0            0.0
2024-08-27 00:00:00-04:00  504.817567  507.104802  503.737728  506.604156   3031800      0.000           0.0            0.0
2024-08-28 00:00:00-04:00  506.329272  506.751369  500.792845  503.708313   3940400      0.000           0.0            0.0
2024-08-29 00:00:00-04:00  505.534151  508.577267  502.726679  503.786865   3487100      0.000           0.0            0.0
2024-08-30 00:00:00-04:00  505.956279  509.058291  502.716883  508.528168   5637700      0.000           0.0            0.0
2024-09-03 00:00:00-04:00  505.661819  505.966124  495.825808  498.240631   5866400      0.000           0.0            0.0
2024-09-04 00:00:00-04:00  496.395142  500.174458  495.747257  497.003754   3601400      0.000           0.0            0.0
2024-09-05 00:00:00-04:00  497.062586  499.595231  493.607229  495.776642   3425600      0.000           0.0            0.0
2024-09-06 00:00:00-04:00  496.061327  497.631955  486.696485  487.521088   7411400      0.000           0.0            0.0
2024-09-09 00:00:00-04:00  491.408408  494.127537  489.592370  493.008484   3656800      0.000           0.0            0.0
2024-09-10 00:00:00-04:00  494.696886  495.442911  490.328582  495.040436   2975400      0.000           0.0            0.0
2024-09-11 00:00:00-04:00  495.050279  501.067730  487.138272  500.105713   5956900      0.000           0.0            0.0
2024-09-12 00:00:00-04:00  500.724129  504.699784  498.731403  504.405304   4092900      0.000           0.0            0.0
2024-09-13 00:00:00-04:00  504.984453  508.027569  504.788113  507.085175   4416600      0.000           0.0            0.0
2024-09-16 00:00:00-04:00  506.859456  508.086504  505.200483  507.850861   4256300      0.000           0.0            0.0
2024-09-17 00:00:00-04:00  509.902433  511.178552  506.034774  508.086426   8150000      0.000           0.0            0.0
2024-09-18 00:00:00-04:00  508.665595  513.132040  506.005332  506.437256   6921300      0.000           0.0            0.0
2024-09-19 00:00:00-04:00  515.242555  516.930945  512.601944  515.271973   5558400      0.000           0.0            0.0
2024-09-20 00:00:00-04:00  513.897785  515.281869  511.551653  514.260986   5612700      0.000           0.0            0.0
2024-09-23 00:00:00-04:00  515.360360  516.175137  514.211859  515.527222  29289200      0.000           0.0            0.0
2024-09-24 00:00:00-04:00  516.351779  517.166556  513.770065  517.009460   4650600      0.000           0.0            0.0
2024-09-25 00:00:00-04:00  516.940745  517.618078  515.016772  515.959106  35418000      0.000           0.0            0.0
2024-09-26 00:00:00-04:00  519.944603  520.190013  515.841360  518.010803   5273900      0.000           0.0            0.0
2024-09-27 00:00:00-04:00  519.024064  519.693651  516.296433  517.340210   5598600      1.639           0.0            0.0
2024-09-30 00:00:00-04:00  516.296442  519.880754  514.199032  519.595154   8013000      0.000           0.0            0.0
2024-10-01 00:00:00-04:00  518.974725  519.033804  512.268940  514.740540   9198700      0.000           0.0            0.0
2024-10-02 00:00:00-04:00  513.864180  515.833574  511.628958  514.829224   3270600      0.000           0.0            0.0
2024-10-03 00:00:00-04:00  513.578687  515.745033  511.865324  513.854431   4008000      0.000           0.0            0.0
2024-10-04 00:00:00-04:00  518.108268  518.955153  514.307351  518.590820   5354400      0.000           0.0            0.0
2024-10-07 00:00:00-04:00  517.103953  517.675034  512.840197  513.923340   3970500      0.000           0.0            0.0
2024-10-08 00:00:00-04:00  516.296406  519.309577  515.488947  518.787659   2626700      0.000           0.0            0.0
2024-10-09 00:00:00-04:00  518.807409  522.903783  518.255981  522.332642   2941800      0.000           0.0            0.0
2024-10-10 00:00:00-04:00  521.170758  522.775820  520.008823  521.456299   3637600      0.000           0.0            0.0
2024-10-11 00:00:00-04:00  521.397084  525.266936  521.288782  524.557983   5429200      0.000           0.0            0.0
2024-10-14 00:00:00-04:00  526.074465  529.747366  525.798721  528.851318   2638900      0.000           0.0            0.0
2024-10-15 00:00:00-04:00  529.156605  529.383067  523.681691  524.823914   4811300      0.000           0.0            0.0
2024-10-16 00:00:00-04:00  524.774728  527.531868  524.075571  527.029663   3237200      0.000           0.0            0.0
2024-10-17 00:00:00-04:00  530.377662  530.515534  526.960791  527.108459   3225300      0.000           0.0            0.0
2024-10-18 00:00:00-04:00  528.683919  529.865507  527.364398  529.136841   5070400      0.000           0.0            0.0
2024-10-21 00:00:00-04:00  528.506676  529.383071  525.542788  528.319641   3671400      0.000           0.0            0.0
2024-10-22 00:00:00-04:00  525.936644  529.058177  525.306423  527.955261   3366600      0.000           0.0            0.0
2024-10-23 00:00:00-04:00  526.104085  526.537294  519.939871  523.140137   5227800      0.000           0.0            0.0
2024-10-24 00:00:00-04:00  525.011078  525.020934  521.928970  524.321777   4477800      0.000           0.0            0.0
2024-10-25 00:00:00-04:00  526.468431  529.038477  523.277961  524.114990   4327200      0.000           0.0            0.0
2024-10-28 00:00:00-04:00  527.334981  527.374347  525.503398  525.749573   3408000      0.000           0.0            0.0
2024-10-29 00:00:00-04:00  524.961773  527.620468  523.612743  526.586548   3027600      0.000           0.0            0.0
2024-10-30 00:00:00-04:00  526.172952  527.994678  524.439935  525.001160   3067000      0.000           0.0            0.0
2024-10-31 00:00:00-04:00  520.993553  521.131365  514.514228  514.671753   7972800      0.000           0.0            0.0
2024-11-01 00:00:00-04:00  517.123587  520.983644  516.513079  516.906982   6106900      0.000           0.0            0.0
2024-11-04 00:00:00-05:00  517.025030  518.226391  514.041429  515.784302   3681500      0.000           0.0            0.0
2024-11-05 00:00:00-05:00  516.690361  522.056973  516.454043  521.988037   3300300      0.000           0.0            0.0
2024-11-06 00:00:00-05:00  533.361308  535.813195  529.934521  534.986023   7483300      0.000           0.0            0.0
2024-11-07 00:00:00-05:00  536.876598  540.086720  536.807722  539.151306   6051300      0.000           0.0            0.0
2024-11-08 00:00:00-05:00  539.683005  542.804478  539.673149  541.534241   6798000      0.000           0.0            0.0
2024-11-11 00:00:00-05:00  542.991624  543.287021  540.451088  541.977417   4893100      0.000           0.0            0.0
2024-11-12 00:00:00-05:00  541.967579  542.509151  538.068156  540.352661   4818600      0.000           0.0            0.0
2024-11-13 00:00:00-05:00  540.756373  542.450084  538.599884  540.628418   3701600      0.000           0.0            0.0
2024-11-14 00:00:00-05:00  540.697231  541.160070  536.541838  537.191711   3940300      0.000           0.0            0.0
2024-11-15 00:00:00-05:00  533.833916  534.267185  528.536240  530.259460   7360100      0.000           0.0            0.0
2024-11-18 00:00:00-05:00  530.673023  533.636971  529.914847  532.455322   4494500      0.000           0.0            0.0
2024-11-19 00:00:00-05:00  529.274765  535.054933  528.683971  534.395203   6978400      0.000           0.0            0.0
2024-11-20 00:00:00-05:00  534.473943  534.759484  529.215634  534.592102   3949100      0.000           0.0            0.0
2024-11-21 00:00:00-05:00  537.231143  538.698332  531.775882  537.290222   4530600      0.000           0.0            0.0
2024-11-22 00:00:00-05:00  537.467449  539.663304  537.024323  539.092163   5574600      0.000           0.0            0.0
2024-11-25 00:00:00-05:00  542.765141  543.927077  538.826352  540.825256   4305000      0.000           0.0            0.0
2024-11-26 00:00:00-05:00  542.075794  544.360298  541.435717  543.858093   4438600      0.000           0.0            0.0
2024-11-27 00:00:00-05:00  543.592250  543.927074  540.707095  542.125061   3312200      0.000           0.0            0.0
2024-11-29 00:00:00-05:00  542.853733  546.211584  542.637129  544.980713   3988700      0.000           0.0            0.0
2024-12-02 00:00:00-05:00  545.876768  547.068274  545.413990  546.516846   5441000      0.000           0.0            0.0
2024-12-03 00:00:00-05:00  546.309952  546.930316  545.315398  546.644775   4202900      0.000           0.0            0.0
2024-12-04 00:00:00-05:00  548.308948  550.327565  547.659014  550.091248   5490300      0.000           0.0            0.0
2024-12-05 00:00:00-05:00  550.081442  550.849474  548.929363  549.175537   3021600      0.000           0.0            0.0
2024-12-06 00:00:00-05:00  549.923753  551.391002  549.539766  550.268433   5134900      0.000           0.0            0.0
2024-12-09 00:00:00-05:00  550.160215  550.317741  546.881157  547.403015   4412300      0.000           0.0            0.0
2024-12-10 00:00:00-05:00  548.062859  548.358256  545.098910  545.847290   4110100      0.000           0.0            0.0
2024-12-11 00:00:00-05:00  548.397624  550.829858  548.141593  549.983032   3514400      0.000           0.0            0.0
2024-12-12 00:00:00-05:00  549.136081  549.658000  547.117464  547.147034   4048600      0.000           0.0            0.0
2024-12-13 00:00:00-05:00  548.978615  549.618632  545.719269  547.107666   4666900      0.000           0.0            0.0
2024-12-16 00:00:00-05:00  548.604399  550.248826  547.905242  549.254272  22846800      0.000           0.0            0.0
2024-12-17 00:00:00-05:00  546.969787  547.875752  545.807852  546.950134   6110900      0.000           0.0            0.0
2024-12-18 00:00:00-05:00  546.802328  548.998244  530.288998  530.889648  24584900      0.000           0.0            0.0
2024-12-19 00:00:00-05:00  535.370061  536.758458  530.407208  530.692749  16792100      0.000           0.0            0.0
2024-12-20 00:00:00-05:00  528.398351  541.130478  527.649971  536.699341   9389400      0.000           0.0            0.0
2024-12-23 00:00:00-05:00  536.708278  540.709055  533.754619  540.541138   7063400      1.739           0.0            0.0
2024-12-24 00:00:00-05:00  541.400551  546.181767  540.886850  546.102722   3439300      0.000           0.0            0.0
2024-12-26 00:00:00-05:00  544.502412  547.238713  543.237936  546.092834   4492000      0.000           0.0            0.0
2024-12-27 00:00:00-05:00  542.694587  542.941549  536.599575  540.432434   7077100      0.000           0.0            0.0
2024-12-30 00:00:00-05:00  533.991675  537.478811  530.870099  534.416443   6505100      0.000           0.0            0.0
2024-12-31 00:00:00-05:00  535.858663  536.471124  530.870038  532.262878   6040800      0.000           0.0            0.0
2025-01-02 00:00:00-05:00  535.433972  536.935461  527.303933  530.929382   7142700      0.000           0.0            0.0
2025-01-03 00:00:00-05:00  533.626168  538.259182  532.648207  537.785034   6416300      0.000           0.0            0.0
2025-01-06 00:00:00-05:00  541.617837  544.729525  539.187707  540.916443   5983400      0.000           0.0            0.0
2025-01-07 00:00:00-05:00  542.645156  542.921723  533.003741  534.831238   5383200      0.000           0.0            0.0
2025-01-08 00:00:00-05:00  534.742447  536.402026  531.541826  535.552490   4317000      0.000           0.0            0.0
2025-01-10 00:00:00-05:00  532.164211  532.203703  525.535722  527.402771   7935200      0.000           0.0            0.0
2025-01-13 00:00:00-05:00  522.967360  528.410358  522.591973  528.084412   5621000      0.000           0.0            0.0
2025-01-14 00:00:00-05:00  530.791070  531.373867  525.348012  528.756104   8820000      0.000           0.0            0.0
2025-01-15 00:00:00-05:00  536.244016  539.494018  535.177122  538.427124   5307300      0.000           0.0            0.0
2025-01-16 00:00:00-05:00  539.711239  539.869328  536.787245  537.626892   3632800      0.000           0.0            0.0
2025-01-17 00:00:00-05:00  542.250092  544.423372  541.025169  542.783569   6558700      0.000           0.0            0.0
2025-01-21 00:00:00-05:00  545.608828  547.722839  543.810935  547.722839   5301700      0.000           0.0            0.0
2025-01-22 00:00:00-05:00  550.419593  552.138441  549.965161  550.834473   4780000      0.000           0.0            0.0
2025-01-23 00:00:00-05:00  550.271402  553.886963  550.034328  553.886963   6217900      0.000           0.0            0.0
2025-01-24 00:00:00-05:00  553.946204  554.835232  551.239507  552.217468   3612100      0.000           0.0            0.0
2025-01-27 00:00:00-05:00  540.284244  544.690072  540.185483  544.531982   7617400      0.000           0.0            0.0
2025-01-28 00:00:00-05:00  545.589034  549.886214  542.546442  549.095886   4164700      0.000           0.0            0.0
2025-01-29 00:00:00-05:00  548.424110  548.750117  544.275132  546.685486   4174500      0.000           0.0            0.0
2025-01-30 00:00:00-05:00  548.621713  551.002463  545.668054  549.540405   4296500      0.000           0.0            0.0
2025-01-31 00:00:00-05:00  551.832206  554.074642  545.994045  546.606506   6233900      0.000           0.0            0.0
2025-02-03 00:00:00-05:00  538.367839  545.253178  536.382253  543.020630   7824000      0.000           0.0            0.0
2025-02-04 00:00:00-05:00  543.020608  547.100429  542.556288  546.626221   4181400      0.000           0.0            0.0
2025-02-05 00:00:00-05:00  545.628539  548.977301  543.721937  548.868652   3424200      0.000           0.0            0.0
2025-02-06 00:00:00-05:00  550.518353  550.874025  547.456045  550.844360   3606300      0.000           0.0            0.0
2025-02-07 00:00:00-05:00  551.318446  552.405116  545.085122  545.490173  10161600      0.000           0.0            0.0
2025-02-10 00:00:00-05:00  548.690878  550.014623  547.505448  549.392273   3517600      0.000           0.0            0.0
2025-02-11 00:00:00-05:00  547.367167  550.350491  547.258518  549.886230   2752900      0.000           0.0            0.0
2025-02-12 00:00:00-05:00  544.304840  549.165040  543.702266  548.068542   3579500      0.000           0.0            0.0
2025-02-13 00:00:00-05:00  549.115637  554.064770  547.959870  553.857300   3388500      0.000           0.0            0.0
2025-02-14 00:00:00-05:00  554.084545  555.032842  553.264614  553.877075   3380600      0.000           0.0            0.0
2025-02-18 00:00:00-05:00  554.973543  555.477356  552.691615  555.477356   3844900      0.000           0.0            0.0
2025-02-19 00:00:00-05:00  554.203098  557.067824  553.719062  556.820862   3857600      0.000           0.0            0.0
2025-02-20 00:00:00-05:00  555.556457  555.645330  551.437083  554.479675   4446800      0.000           0.0            0.0
2025-02-21 00:00:00-05:00  554.282080  554.380901  544.571567  545.045715   6148700      0.000           0.0            0.0
2025-02-24 00:00:00-05:00  546.883125  547.772213  541.845119  542.467468   4772300      0.000           0.0            0.0
2025-02-25 00:00:00-05:00  542.506930  543.089787  535.582099  539.770569   5491500      0.000           0.0            0.0
2025-02-26 00:00:00-05:00  541.351145  544.650527  537.636823  540.106445   4180800      0.000           0.0            0.0
2025-02-27 00:00:00-05:00  542.161129  543.198359  531.067545  531.433044   5521400      0.000           0.0            0.0
2025-02-28 00:00:00-05:00  531.877670  540.244782  529.072212  539.691589   7328100      0.000           0.0            0.0
2025-03-03 00:00:00-05:00  541.538902  542.615624  526.770546  530.395935   7290000      0.000           0.0            0.0
2025-03-04 00:00:00-05:00  526.582788  531.739391  519.766606  524.004517  10477400      0.000           0.0            0.0
2025-03-05 00:00:00-05:00  523.806967  531.255328  520.527301  529.882263   6221700      0.000           0.0            0.0
2025-03-06 00:00:00-05:00  522.759846  526.948316  517.850205  520.270447   7228900      0.000           0.0            0.0
2025-03-07 00:00:00-05:00  518.521958  524.429276  513.809899  523.075928   7308300      0.000           0.0            0.0
2025-03-10 00:00:00-04:00  515.558433  517.336549  504.622907  509.246063  11176900      0.000           0.0            0.0
2025-03-11 00:00:00-04:00  508.080432  511.241561  501.363040  505.067474  11208900      0.000           0.0            0.0
2025-03-12 00:00:00-04:00  510.609306  511.448954  502.913954  507.517334   8590600      0.000           0.0            0.0
2025-03-13 00:00:00-04:00  507.270382  507.813687  499.278686  500.888855  21650000      0.000           0.0            0.0
2025-03-14 00:00:00-04:00  505.067434  512.120660  504.632778  511.172363   7412300      0.000           0.0            0.0
2025-03-17 00:00:00-04:00  511.162497  517.474867  510.796998  515.074341   6269800      0.000           0.0            0.0
2025-03-18 00:00:00-04:00  513.009773  513.207355  507.823566  509.641174   6010600      0.000           0.0            0.0
2025-03-19 00:00:00-04:00  511.251435  518.581320  510.145049  514.995422   5373900      0.000           0.0            0.0
2025-03-20 00:00:00-04:00  511.666260  518.245308  511.034022  513.809875   6029700      0.000           0.0            0.0
2025-03-21 00:00:00-04:00  509.522577  514.619912  508.406303  513.938293   5059000      0.000           0.0            0.0
2025-03-24 00:00:00-04:00  520.082784  523.945308  519.490098  522.957458  22376300      0.000           0.0            0.0
2025-03-25 00:00:00-04:00  524.142880  525.140557  522.680822  524.202148   6260200      0.000           0.0            0.0
2025-03-26 00:00:00-04:00  524.113135  524.952782  516.743760  518.087280   4410200      0.000           0.0            0.0
2025-03-27 00:00:00-04:00  516.741063  520.101495  514.699041  516.661804   5534900      1.812           0.0            0.0
2025-03-28 00:00:00-04:00  515.224518  515.918421  505.708282  506.342682   5831800      0.000           0.0            0.0
2025-03-31 00:00:00-04:00  500.900606  510.833190  498.253922  509.425537   8196700      0.000           0.0            0.0
2025-04-01 00:00:00-04:00  507.888997  512.835443  504.439383  511.298981   7697000      0.000           0.0            0.0
2025-04-02 00:00:00-04:00  505.688526  516.939462  505.480337  514.381958   6308600      0.000           0.0            0.0
2025-04-03 00:00:00-04:00  496.628210  499.265002  489.193656  489.847900  16226000      0.000           0.0            0.0
2025-04-04 00:00:00-04:00  477.080280  479.082642  460.188965  461.457794  30966500      0.000           0.0            0.0
2025-04-07 00:00:00-04:00  445.617244  476.564814  438.936038  459.514893  31285300      0.000           0.0            0.0
2025-04-08 00:00:00-04:00  475.494218  478.279695  445.676715  452.754395  19002700      0.000           0.0            0.0
2025-04-09 00:00:00-04:00  449.532766  497.678944  449.205659  494.744781  29286600      0.000           0.0            0.0
2025-04-10 00:00:00-04:00  484.881613  486.021572  464.243284  477.853485  16651300      0.000           0.0            0.0
2025-04-11 00:00:00-04:00  476.495463  488.698042  473.828934  486.269409  11541200      0.000           0.0            0.0
2025-04-14 00:00:00-04:00  495.686471  495.894660  486.408162  491.156372   7701500      0.000           0.0            0.0
2025-04-15 00:00:00-04:00  491.701577  494.913295  489.114367  489.778503   8200600      0.000           0.0            0.0
2025-04-16 00:00:00-04:00  484.385962  487.478732  474.056906  479.013275   6374900      0.000           0.0            0.0
2025-04-17 00:00:00-04:00  480.559647  483.900235  477.298348  479.677399   5638900      0.000           0.0            0.0
2025-04-21 00:00:00-04:00  474.840012  475.305912  463.252018  468.248047   7762500      0.000           0.0            0.0
2025-04-22 00:00:00-04:00  473.898271  482.234887  473.025945  480.063995   6236300      0.000           0.0            0.0
2025-04-23 00:00:00-04:00  492.355803  496.806613  486.418083  487.776123   8047600      0.000           0.0            0.0
2025-04-24 00:00:00-04:00  488.955760  498.610757  487.924826  498.025909   6184300      0.000           0.0            0.0
2025-04-25 00:00:00-04:00  498.055645  502.100029  495.389116  501.693604   6933400      0.000           0.0            0.0
2025-04-28 00:00:00-04:00  502.387497  504.300648  496.588539  502.000916   4210000      0.000           0.0            0.0
2025-04-29 00:00:00-04:00  500.137311  506.094846  499.859755  505.044098   6525500      0.000           0.0            0.0
2025-04-30 00:00:00-04:00  498.868496  507.036583  493.416490  505.291931   7873700      0.000           0.0            0.0
2025-05-01 00:00:00-04:00  510.634888  513.916002  508.295497  508.870392   5784500      0.000           0.0            0.0
2025-05-02 00:00:00-04:00  514.590108  517.851377  512.379586  516.166260   6285400      0.000           0.0            0.0
2025-05-05 00:00:00-04:00  512.567877  516.304938  511.764948  513.469910   4793500      0.000           0.0            0.0
2025-05-06 00:00:00-04:00  508.414468  513.311364  507.472746  509.098450   4694300      0.000           0.0            0.0
2025-05-07 00:00:00-04:00  510.426734  513.658297  506.640091  511.398224   5460000      0.000           0.0            0.0
2025-05-08 00:00:00-04:00  515.006434  519.655511  511.844268  514.808228   5088200      0.000           0.0            0.0
2025-05-09 00:00:00-04:00  516.146445  517.078245  512.845485  514.124268   4739500      0.000           0.0            0.0
2025-05-12 00:00:00-04:00  529.835877  531.243469  525.761756  531.243469   7793600      0.000           0.0            0.0
2025-05-13 00:00:00-04:00  531.649880  536.754904  531.104692  534.732727   7356800      0.000           0.0            0.0
2025-05-14 00:00:00-04:00  535.654653  536.695478  533.543234  535.396912   5031300      0.000           0.0            0.0
2025-05-15 00:00:00-04:00  533.563071  538.509518  533.146753  538.023804   7362200      0.000           0.0            0.0
2025-05-16 00:00:00-04:00  538.727533  541.701354  536.973019  541.493225   7255300      0.000           0.0            0.0
2025-05-19 00:00:00-04:00  535.912353  542.672847  535.862801  542.048340   7766100      0.000           0.0            0.0
2025-05-20 00:00:00-04:00  540.462365  541.295062  537.260570  540.125366   7158200      0.000           0.0            0.0
2025-05-21 00:00:00-04:00  536.189889  539.936933  530.153065  531.094788   6339500      0.000           0.0            0.0
2025-05-22 00:00:00-04:00  530.926212  534.524540  529.776361  531.342590   5816600      0.000           0.0            0.0
2025-05-23 00:00:00-04:00  524.810097  530.143155  524.492882  527.754211   6455900      0.000           0.0            0.0
2025-05-27 00:00:00-04:00  534.019014  538.777177  532.492474  538.598755   6118100      0.000           0.0            0.0
2025-05-28 00:00:00-04:00  539.044767  540.145127  534.901249  535.525757   4910500      0.000           0.0            0.0
2025-05-29 00:00:00-04:00  540.392968  540.521839  534.038869  537.587646   4659500      0.000           0.0            0.0
2025-05-30 00:00:00-04:00  536.626076  538.648313  531.481362  537.032532   6171500      0.000           0.0            0.0
2025-06-02 00:00:00-04:00  535.535659  540.154968  533.107026  540.154968   5933500      0.000           0.0            0.0
2025-06-03 00:00:00-04:00  539.778327  544.080421  539.342164  543.218018   4993600      0.000           0.0            0.0
2025-06-04 00:00:00-04:00  543.961593  544.853764  542.663027  542.871216   4543400      0.000           0.0            0.0
2025-06-05 00:00:00-04:00  544.685142  545.825132  538.598767  540.333496   6372100      0.000           0.0            0.0
2025-06-06 00:00:00-04:00  545.498014  547.500407  543.912000  545.854858   4736000      0.000           0.0            0.0
2025-06-09 00:00:00-04:00  546.489249  547.877056  545.398872  546.439697   4516400      0.000           0.0            0.0
2025-06-10 00:00:00-04:00  546.965158  549.899290  545.934194  549.552368   5984100      0.000           0.0            0.0
2025-06-11 00:00:00-04:00  550.563381  551.376233  546.102648  548.035645  20800600      0.000           0.0            0.0
2025-06-12 00:00:00-04:00  546.786618  550.156973  546.320749  550.107422   8422900      0.000           0.0            0.0
2025-06-13 00:00:00-04:00  545.438528  548.422272  542.633206  543.981384   7100600      0.000           0.0            0.0
2025-06-16 00:00:00-04:00  547.123689  550.840966  547.054293  549.235107   7421300      0.000           0.0            0.0
2025-06-17 00:00:00-04:00  546.974924  548.332964  543.852448  544.556213   4753300      0.000           0.0            0.0
2025-06-18 00:00:00-04:00  545.359160  547.886956  543.604646  544.447205   4602300      0.000           0.0            0.0
2025-06-20 00:00:00-04:00  546.905525  547.896798  541.850053  542.940430   9978500      0.000           0.0            0.0
2025-06-23 00:00:00-04:00  543.872312  548.868371  540.987731  548.531311   9820200      0.000           0.0            0.0
2025-06-24 00:00:00-04:00  552.318000  555.539640  551.515070  554.558289   6770000      0.000           0.0            0.0
2025-06-25 00:00:00-04:00  555.628883  556.124520  553.467913  554.835815  16472300      0.000           0.0            0.0
2025-06-26 00:00:00-04:00  556.620118  559.623646  556.065007  559.227173   6081400      0.000           0.0            0.0
2025-06-27 00:00:00-04:00  560.178715  563.370648  558.295331  562.002686   6056500      0.000           0.0            0.0
2025-06-30 00:00:00-04:00  564.284680  565.925356  562.176697  564.811707   5750600      1.745           0.0            0.0
2025-07-01 00:00:00-04:00  563.349995  565.577294  562.594292  564.553162   7412700      0.000           0.0            0.0
2025-07-02 00:00:00-04:00  564.155460  567.108664  563.598635  567.058899   6164000      0.000           0.0            0.0
2025-07-03 00:00:00-04:00  568.938183  572.408400  568.888479  571.960938   4837000      0.000           0.0            0.0
2025-07-07 00:00:00-04:00  569.753549  570.340233  564.761971  567.377075   6417800      0.000           0.0            0.0
2025-07-08 00:00:00-04:00  567.914099  568.590239  566.253517  566.999268   6944600      0.000           0.0            0.0
2025-07-09 00:00:00-04:00  569.216598  571.006388  567.526218  570.360046   7156500      0.000           0.0            0.0
2025-07-10 00:00:00-04:00  570.529185  572.995114  569.455287  572.030579   4961700      0.000           0.0            0.0
2025-07-11 00:00:00-04:00  569.206633  571.125691  568.132735  569.972229   4428900      0.000           0.0            0.0
2025-07-14 00:00:00-04:00  569.604385  571.424034  568.341621  571.095886   4747000      0.000           0.0            0.0
2025-07-15 00:00:00-04:00  573.581714  573.889955  568.610042  568.619995   5399000      0.000           0.0            0.0
2025-07-16 00:00:00-04:00  570.151279  571.006392  564.950870  570.489319   6141200      0.000           0.0            0.0
2025-07-17 00:00:00-04:00  570.767781  574.377220  570.548996  573.909851   6495300      0.000           0.0            0.0
2025-07-18 00:00:00-04:00  575.192512  575.222371  572.577469  573.651306   4262400      0.000           0.0            0.0
2025-07-21 00:00:00-04:00  574.705336  577.240937  574.317591  574.675537   5913800      0.000           0.0            0.0
2025-07-22 00:00:00-04:00  575.003684  575.560509  572.378627  574.675537   4767700      0.000           0.0            0.0
2025-07-23 00:00:00-04:00  577.280675  579.657148  575.590294  579.557678   4257300      0.000           0.0            0.0
2025-07-24 00:00:00-04:00  580.034947  581.436932  579.418404  579.955383   3840900      0.000           0.0            0.0
2025-07-25 00:00:00-04:00  580.502277  582.719623  580.283553  582.262268   4210100      0.000           0.0            0.0
2025-07-28 00:00:00-04:00  582.719623  583.177039  580.929834  582.123047   4193100      0.000           0.0            0.0
2025-07-29 00:00:00-04:00  583.495288  583.753825  579.816239  580.611694   5053400      0.000           0.0            0.0
2025-07-30 00:00:00-04:00  581.347498  582.829107  577.260798  579.905762   6974700      0.000           0.0            0.0
2025-07-31 00:00:00-04:00  584.499564  584.827650  576.554842  577.728149   7046800      0.000           0.0            0.0
2025-08-01 00:00:00-04:00  572.468061  572.478014  566.064545  568.212341   8781300      0.000           0.0            0.0
2025-08-04 00:00:00-04:00  571.911216  576.922699  571.821759  576.853088   6640100      0.000           0.0            0.0
2025-08-05 00:00:00-04:00  577.499370  578.205369  573.134288  574.078857   4647400      0.000           0.0            0.0
2025-08-06 00:00:00-04:00  574.973797  578.971040  574.138529  578.344604   4545000      0.000           0.0            0.0
2025-08-07 00:00:00-04:00  581.556255  582.202596  575.033424  577.996521   4594300      0.000           0.0            0.0
2025-08-08 00:00:00-04:00  579.627310  582.848943  579.299162  582.421387   4342300      0.000           0.0            0.0
2025-08-11 00:00:00-04:00  582.709758  584.032179  580.134406  581.228149   5373900      0.000           0.0            0.0
2025-08-12 00:00:00-04:00  583.425665  587.611834  582.113136  587.432861   5851900      0.000           0.0            0.0
2025-08-13 00:00:00-04:00  589.500986  590.664400  587.462612  589.481140   5393000      0.000           0.0            0.0
2025-08-14 00:00:00-04:00  587.572031  590.147384  587.154427  589.491089   6236700      0.000           0.0            0.0
2025-08-15 00:00:00-04:00  590.495326  590.584843  587.313445  588.218323   7196300      0.000           0.0            0.0
2025-08-18 00:00:00-04:00  587.631670  588.665816  587.005234  588.009521   5311700      0.000           0.0            0.0
2025-08-19 00:00:00-04:00  587.900170  588.765236  583.614591  584.797852   6739300      0.000           0.0            0.0
2025-08-20 00:00:00-04:00  584.479665  584.668591  578.553410  583.256653   7113600      0.000           0.0            0.0
2025-08-21 00:00:00-04:00  581.615890  583.137250  579.348839  580.959656   4807300      0.000           0.0            0.0
2025-08-22 00:00:00-04:00  582.948378  590.952757  582.520821  589.849060   6389300      0.000           0.0            0.0
2025-08-25 00:00:00-04:00  588.695598  589.868906  587.204097  587.353271   6483000      0.000           0.0            0.0
2025-08-26 00:00:00-04:00  587.035082  590.067789  586.448398  589.699890   4776600      0.000           0.0            0.0
2025-08-27 00:00:00-04:00  589.162925  591.768076  589.083362  591.052124   6171400      0.000           0.0            0.0
2025-08-28 00:00:00-04:00  591.698523  593.687192  589.908733  593.140320   5058700      0.000           0.0            0.0
2025-08-29 00:00:00-04:00  591.867523  592.175764  587.900139  589.719788   7512000      0.000           0.0            0.0
2025-09-02 00:00:00-04:00  582.739563  585.464029  580.363089  585.374573  11116700      0.000           0.0            0.0
2025-09-03 00:00:00-04:00  587.462614  588.874552  585.444147  588.367432   8205900      0.000           0.0            0.0
2025-09-04 00:00:00-04:00  589.113187  593.388873  588.248121  593.209900   8045600      0.000           0.0            0.0
2025-09-05 00:00:00-04:00  595.516683  596.202776  588.098988  591.589111   6641500      0.000           0.0            0.0
2025-09-08 00:00:00-04:00  592.931496  594.025240  591.658780  593.120422   9472200      0.000           0.0            0.0
2025-09-09 00:00:00-04:00  593.229760  594.979798  591.638850  594.562195   7844800      0.000           0.0            0.0
2025-09-10 00:00:00-04:00  597.515313  598.340628  594.770941  596.282349  21641100      0.000           0.0            0.0
2025-09-11 00:00:00-04:00  598.022490  601.800948  597.485571  601.144714   9109700      0.000           0.0            0.0
2025-09-12 00:00:00-04:00  601.164616  602.546695  600.528228  601.015442   8130500      0.000           0.0            0.0
2025-09-15 00:00:00-04:00  603.033873  604.326556  602.765444  604.147583   7710700      0.000           0.0            0.0
2025-09-16 00:00:00-04:00  604.714284  604.972820  602.626206  603.352051   6393200      0.000           0.0            0.0
2025-09-17 00:00:00-04:00  603.401879  604.883427  598.141811  602.656128  11613600      0.000           0.0            0.0
2025-09-18 00:00:00-04:00  605.102124  607.846497  603.630529  605.489929  11057500      0.000           0.0            0.0
2025-09-19 00:00:00-04:00  607.160442  609.198815  605.400451  608.313904   6065700      0.000           0.0            0.0
2025-09-22 00:00:00-04:00  607.061010  611.734332  607.051057  611.276978  11583800      0.000           0.0            0.0
2025-09-23 00:00:00-04:00  611.227279  611.774151  606.882043  608.075195  10753000      0.000           0.0            0.0
2025-09-24 00:00:00-04:00  609.159024  609.268386  604.744177  606.046753  23787300      0.000           0.0            0.0
2025-09-25 00:00:00-04:00  603.183058  604.485633  599.931565  603.153259   6965700      0.000           0.0            0.0
2025-09-26 00:00:00-04:00  604.585066  607.239921  603.133316  606.702942   6438600      0.000           0.0            0.0
2025-09-29 00:00:00-04:00  609.066314  609.953817  606.762835  608.408203   5658800      1.740           0.0            0.0
2025-09-30 00:00:00-04:00  607.710168  611.130481  606.553469  610.651855   6515700      0.000           0.0            0.0
2025-10-01 00:00:00-04:00  607.979441  613.653387  607.849803  612.835693  10020000      0.000           0.0            0.0
2025-10-02 00:00:00-04:00  614.670433  614.740242  611.290046  613.513733   7139500      0.000           0.0            0.0
2025-10-03 00:00:00-04:00  614.211789  616.674789  612.556439  613.563599   7210700      0.000           0.0            0.0
2025-10-06 00:00:00-04:00  615.717543  616.535236  613.743089  615.657715   6056400      0.000           0.0            0.0
2025-10-07 00:00:00-04:00  616.555094  616.993855  612.087757  613.463867   7466300      0.000           0.0            0.0
2025-10-08 00:00:00-04:00  614.480951  617.153442  613.723147  617.023804   5035200      0.000           0.0            0.0
2025-10-09 00:00:00-04:00  617.482515  617.841545  613.543710  615.358521   5898500      0.000           0.0            0.0
2025-10-10 00:00:00-04:00  616.246021  617.851463  598.536130  598.815369  13664200      0.000           0.0            0.0
2025-10-13 00:00:00-04:00  605.655980  609.305685  604.868231  607.889648   6968400      0.000           0.0            0.0
2025-10-14 00:00:00-04:00  602.494957  610.412553  598.815368  607.032104   7493500      0.000           0.0            0.0
2025-10-15 00:00:00-04:00  611.339915  614.471069  604.110375  609.704529   6504900      0.000           0.0            0.0
2025-10-16 00:00:00-04:00  611.379793  613.065027  602.435136  605.675964   7594800      0.000           0.0            0.0
2025-10-17 00:00:00-04:00  604.628928  610.292892  603.392376  609.036438   6911000      0.000           0.0            0.0
2025-10-20 00:00:00-04:00  611.778639  616.265940  611.778639  615.428284   4086200      0.000           0.0            0.0
2025-10-21 00:00:00-04:00  615.587885  616.993879  614.241658  615.348572   4216200      0.000           0.0            0.0
2025-10-22 00:00:00-04:00  616.086458  616.086458  608.109034  612.237305   6961600      0.000           0.0            0.0
2025-10-23 00:00:00-04:00  612.516571  616.724632  612.257295  615.697571   5851800      0.000           0.0            0.0
2025-10-24 00:00:00-04:00  620.164925  622.029643  619.456967  620.793152   5694900      0.000           0.0            0.0
2025-10-27 00:00:00-04:00  625.968475  628.511267  625.390095  628.222107   7804300      0.000           0.0            0.0
2025-10-28 00:00:00-04:00  629.927312  631.602563  627.863146  629.907349   5625600      0.000           0.0            0.0
2025-10-29 00:00:00-04:00  631.423080  632.340467  626.098123  630.166626   6104500      0.000           0.0            0.0
2025-10-30 00:00:00-04:00  627.035457  628.850329  623.335905  623.475525   6243300      0.000           0.0            0.0
2025-10-31 00:00:00-04:00  628.062594  628.162287  622.737637  625.270447   7058600      0.000           0.0            0.0
2025-11-03 00:00:00-05:00  628.640905  628.760562  623.395740  626.497009   5568100      0.000           0.0            0.0
2025-11-04 00:00:00-05:00  619.895720  623.405746  618.449800  619.237549   8390500      0.000           0.0            0.0
2025-11-05 00:00:00-05:00  618.838681  624.233387  618.080816  621.102234  10323100      0.000           0.0            0.0
2025-11-06 00:00:00-05:00  620.204805  621.032419  613.084940  614.500916   7099400      0.000           0.0            0.0
2025-11-07 00:00:00-05:00  612.357023  615.278747  606.204391  615.149109   7571300      0.000           0.0            0.0
2025-11-10 00:00:00-05:00  620.932725  625.439989  618.908425  624.702026   8425000      0.000           0.0            0.0
2025-11-11 00:00:00-05:00  623.395761  626.716381  622.308871  626.138000   5639200      0.000           0.0            0.0
2025-11-12 00:00:00-05:00  627.873101  627.992757  624.333070  626.447083   6090200      0.000           0.0            0.0
2025-11-13 00:00:00-05:00  623.904291  624.253340  614.770168  616.245972  13065800      0.000           0.0            0.0
2025-11-14 00:00:00-05:00  610.023628  619.466874  608.109063  616.086487   9681700      0.000           0.0            0.0
2025-11-17 00:00:00-05:00  614.002376  617.701928  607.091940  610.312805   8902500      0.000           0.0            0.0
2025-11-18 00:00:00-05:00  607.002165  609.784331  601.298336  605.287048   8542600      0.000           0.0            0.0
2025-11-19 00:00:00-05:00  605.805583  611.838498  603.960767  607.480835   7449400      0.000           0.0            0.0
2025-11-20 00:00:00-05:00  616.973914  619.377147  597.668563  598.266907  13985000      0.000           0.0            0.0
2025-11-21 00:00:00-05:00  600.550424  609.285713  596.691350  604.220032   9821400      0.000           0.0            0.0
2025-11-24 00:00:00-05:00  607.560590  614.351369  606.593295  613.204590   6242700      0.000           0.0            0.0
2025-11-25 00:00:00-05:00  613.045097  619.995398  609.265753  618.908447   7389500      0.000           0.0            0.0
2025-11-26 00:00:00-05:00  621.301720  625.041138  620.503990  623.186401   5323200      0.000           0.0            0.0
2025-11-28 00:00:00-05:00  624.263369  626.856007  623.944265  626.636597   2953200      0.000           0.0            0.0
2025-12-01 00:00:00-05:00  622.408534  626.237724  622.338724  623.754761   9191600      0.000           0.0            0.0
2025-12-02 00:00:00-05:00  625.240547  626.995590  622.857277  624.811768   5280600      0.000           0.0            0.0
2025-12-03 00:00:00-05:00  624.004072  628.002765  623.186378  626.995605   6338400      0.000           0.0            0.0
2025-12-04 00:00:00-05:00  628.351723  628.401569  624.711999  627.524048   5147700      0.000           0.0            0.0
2025-12-05 00:00:00-05:00  628.521260  631.193690  627.703567  628.700745   5693100      0.000           0.0            0.0
2025-12-08 00:00:00-05:00  629.578238  629.687913  624.931415  626.835999   6876700      0.000           0.0            0.0
2025-12-09 00:00:00-05:00  626.407245  628.431545  625.888693  626.327454  12849000      0.000           0.0            0.0
2025-12-10 00:00:00-05:00  625.858792  631.722203  624.702032  630.375977  22457400      0.000           0.0            0.0
2025-12-11 00:00:00-05:00  628.222140  632.081214  625.499863  631.921692  33921000      0.000           0.0            0.0
2025-12-12 00:00:00-05:00  631.014210  631.642437  622.717682  625.100952   8534700      0.000           0.0            0.0
2025-12-15 00:00:00-05:00  628.780537  628.780537  622.807450  624.193542  11337200      0.000           0.0            0.0
2025-12-16 00:00:00-05:00  622.787493  624.452763  618.898535  622.448486  15819600      0.000           0.0            0.0
2025-12-17 00:00:00-05:00  623.425690  623.874432  615.418322  615.607788  21356900      0.000           0.0            0.0
2025-12-18 00:00:00-05:00  621.291743  624.173602  618.818761  620.254700  37062400      0.000           0.0            0.0
2025-12-19 00:00:00-05:00  622.219087  626.357400  622.099431  625.789001  10487000      0.000           0.0            0.0
2025-12-22 00:00:00-05:00  628.969971  630.270020  627.799988  629.729980   9850100      1.771           0.0            0.0
2025-12-23 00:00:00-05:00  628.940002  632.880005  628.919983  632.669983  13798500      0.000           0.0            0.0
2025-12-24 00:00:00-05:00  632.669983  635.320007  632.539978  634.780029   3275200      0.000           0.0            0.0
2025-12-26 00:00:00-05:00  635.140015  636.080017  633.880005  634.840027   3852100      0.000           0.0            0.0
2025-12-29 00:00:00-05:00  632.299988  633.789978  630.950012  632.599976   6579400      0.000           0.0            0.0
2025-12-30 00:00:00-05:00  632.200012  633.210022  631.409973  631.719971   4180400      0.000           0.0            0.0
2025-12-31 00:00:00-05:00  631.940002  632.140015  626.940002  627.130005   5556800      0.000           0.0            0.0
2026-01-02 00:00:00-05:00  630.640015  631.659973  625.210022  628.299988  11337000      0.000           0.0            0.0
2026-01-05 00:00:00-05:00  631.380005  634.039978  631.229980  632.460022  16175600      0.000           0.0            0.0
2026-01-06 00:00:00-05:00  632.640015  636.679993  632.530029  636.210022   8672000      0.000           0.0            0.0
2026-01-07 00:00:00-05:00  636.580017  638.219971  633.929993  634.169983   8820100      0.000           0.0            0.0
2026-01-08 00:00:00-05:00  633.479980  635.099976  632.239990  634.059998   9017400      0.000           0.0            0.0
2026-01-09 00:00:00-05:00  635.150024  639.440002  633.799988  638.309998   7864100      0.000           0.0            0.0
2026-01-12 00:00:00-05:00  635.190002  640.159973  635.159973  639.340027   7929800      0.000           0.0            0.0
2026-01-13 00:00:00-05:00  639.679993  640.150024  635.820007  638.030029   8860000      0.000           0.0            0.0
2026-01-14 00:00:00-05:00  635.489990  636.119995  631.000000  634.940002   8683400      0.000           0.0            0.0
2026-01-15 00:00:00-05:00  638.770020  639.580017  635.700012  636.619995   6937000      0.000           0.0            0.0
2026-01-16 00:00:00-05:00  637.960022  638.510010  634.679993  636.090027   6733700      0.000           0.0            0.0
2026-01-20 00:00:00-05:00  626.760010  629.760010  622.219971  623.150024  14877600      0.000           0.0            0.0
2026-01-21 00:00:00-05:00  625.020020  633.400024  623.650024  630.289978  10403800      0.000           0.0            0.0
2026-01-22 00:00:00-05:00  634.429993  635.619995  631.750000  633.570007   6085500      0.000           0.0            0.0
2026-01-23 00:00:00-05:00  632.880005  635.469971  631.969971  633.830017   5850400      0.000           0.0            0.0
2026-01-26 00:00:00-05:00  635.030029  638.390015  634.520020  637.090027   9007400      0.000           0.0            0.0
2026-01-27 00:00:00-05:00  638.419983  640.599976  637.869995  639.700012   4339600      0.000           0.0            0.0
2026-01-28 00:00:00-05:00  641.049988  641.809998  638.219971  639.599976   5568700      0.000           0.0            0.0
2026-01-29 00:00:00-05:00  640.429993  641.039978  629.820007  638.270020   8697200      0.000           0.0            0.0
2026-01-30 00:00:00-05:00  636.250000  638.450012  631.950012  636.219971   6562300      0.000           0.0            0.0
2026-02-02 00:00:00-05:00  634.179993  640.960022  634.070007  639.679993   9490300      0.000           0.0            0.0
2026-02-03 00:00:00-05:00  640.330017  641.000000  629.109985  634.150024   9702800      0.000           0.0            0.0
2026-02-04 00:00:00-05:00  634.929993  635.919983  627.000000  630.909973  11322000      0.000           0.0            0.0
2026-02-05 00:00:00-05:00  626.239990  628.750000  621.500000  623.099976  11714700      0.000           0.0            0.0
2026-02-06 00:00:00-05:00  626.719971  636.719971  626.200012  635.239990  12987900      0.000           0.0            0.0
2026-02-09 00:00:00-05:00  634.070007  639.989990  633.109985  638.229980   8908500      0.000           0.0            0.0
2026-02-10 00:00:00-05:00  639.140015  640.619995  636.080017  636.440002  13645300      0.000           0.0            0.0
2026-02-11 00:00:00-05:00  640.489990  641.150024  633.840027  636.349976   5345000      0.000           0.0            0.0
2026-02-12 00:00:00-05:00  638.510010  639.520020  625.760010  626.489990   8951100      0.000           0.0            0.0
2026-02-13 00:00:00-05:00  626.929993  631.169983  623.119995  626.890015   9312800      0.000           0.0            0.0
